11111111111111111111111111111111
10000000000000000000000000000001
10110111011110111011110111011101
10000100010001000010001000010001
11110111110111110111110111110001
10010001000010001000010001000001
10110111011110111011110111011101
10010000010000010000010000010001
11111111110111110111110111010001
10000000010000010000010000010001
10111111110111110111110111011101
10000000000000000000000000000001
11111111111111111111111111110001
10010001000010001000010001000001
10111111011110111011110111011101
10000000010000010000010000010001
11111111010111110111110111110001
10000000010000010000010000010001
10111111110111110111110111011101
10000000000000000000000000000001
11111111111111111111111111110001
10010001000010001000010001000001
10110111011110111011110111011101
10010000010000010000010000010001
11111111110111110111110111110001
10000000010000010000010000010001
10111111110111110111110111110101
10000000000000000000000000000001
11111111111111111111111111110001
10000000000000000000000000000001
10111111111111111111111111110101
11111111111111111111111111111111


